1,1,1,boş
1,1,2,dolu
1,1,3,dolu
1,1,4,boş
1,1,5,dolu
1,1,6,boş
1,1,7,boş
1,1,8,boş
1,1,9,boş
1,1,10,boş
1,2,1,dolu
1,2,2,boş
1,2,3,boş
1,2,4,boş
1,2,5,boş
1,2,6,boş
1,2,7,boş
1,2,8,boş
1,2,9,boş
1,2,10,boş
1,3,1,boş
1,3,2,boş
1,3,3,boş
1,3,4,boş
1,3,5,boş
1,3,6,boş
1,3,7,boş
1,3,8,boş
1,3,9,dolu
1,3,10,boş
1,4,1,dolu
1,4,2,boş
1,4,3,boş
1,4,4,boş
1,4,5,dolu
1,4,6,boş
1,4,7,dolu
1,4,8,boş
1,4,9,boş
1,4,10,boş
1,5,1,boş
1,5,2,boş
1,5,3,dolu
1,5,4,boş
1,5,5,boş
1,5,6,boş
1,5,7,boş
1,5,8,dolu
1,5,9,boş
1,5,10,boş
1,6,1,boş
1,6,2,dolu
1,6,3,dolu
1,6,4,boş
1,6,5,boş
1,6,6,dolu
1,6,7,dolu
1,6,8,boş
1,6,9,boş
1,6,10,dolu
1,7,1,boş
1,7,2,boş
1,7,3,dolu
1,7,4,boş
1,7,5,boş
1,7,6,boş
1,7,7,dolu
1,7,8,dolu
1,7,9,dolu
1,7,10,dolu
1,8,1,dolu
1,8,2,dolu
1,8,3,dolu
1,8,4,boş
1,8,5,dolu
1,8,6,boş
1,8,7,dolu
1,8,8,boş
1,8,9,boş
1,8,10,boş
1,9,1,dolu
1,9,2,dolu
1,9,3,boş
1,9,4,dolu
1,9,5,dolu
1,9,6,dolu
1,9,7,dolu
1,9,8,boş
1,9,9,dolu
1,9,10,boş
1,10,1,boş
1,10,2,boş
1,10,3,boş
1,10,4,boş
1,10,5,boş
1,10,6,boş
1,10,7,boş
1,10,8,boş
1,10,9,boş
1,10,10,dolu
2,1,1,boş
2,1,2,boş
2,1,3,boş
2,1,4,boş
2,1,5,boş
2,1,6,boş
2,1,7,boş
2,1,8,dolu
2,1,9,dolu
2,1,10,boş
2,2,1,dolu
2,2,2,dolu
2,2,3,dolu
2,2,4,boş
2,2,5,boş
2,2,6,dolu
2,2,7,boş
2,2,8,boş
2,2,9,boş
2,2,10,boş
2,3,1,boş
2,3,2,dolu
2,3,3,boş
2,3,4,dolu
2,3,5,boş
2,3,6,dolu
2,3,7,boş
2,3,8,boş
2,3,9,dolu
2,3,10,boş
2,4,1,boş
2,4,2,boş
2,4,3,dolu
2,4,4,dolu
2,4,5,boş
2,4,6,boş
2,4,7,dolu
2,4,8,boş
2,4,9,boş
2,4,10,boş
2,5,1,boş
2,5,2,boş
2,5,3,dolu
2,5,4,dolu
2,5,5,boş
2,5,6,dolu
2,5,7,boş
2,5,8,boş
2,5,9,boş
2,5,10,boş
2,6,1,boş
2,6,2,dolu
2,6,3,boş
2,6,4,dolu
2,6,5,boş
2,6,6,boş
2,6,7,dolu
2,6,8,boş
2,6,9,dolu
2,6,10,dolu
2,7,1,boş
2,7,2,boş
2,7,3,boş
2,7,4,boş
2,7,5,boş
2,7,6,dolu
2,7,7,boş
2,7,8,boş
2,7,9,boş
2,7,10,dolu
2,8,1,dolu
2,8,2,boş
2,8,3,boş
2,8,4,boş
2,8,5,boş
2,8,6,boş
2,8,7,boş
2,8,8,boş
2,8,9,dolu
2,8,10,boş
2,9,1,boş
2,9,2,dolu
2,9,3,dolu
2,9,4,boş
2,9,5,dolu
2,9,6,boş
2,9,7,boş
2,9,8,boş
2,9,9,boş
2,9,10,dolu
2,10,1,dolu
2,10,2,boş
2,10,3,boş
2,10,4,boş
2,10,5,boş
2,10,6,boş
2,10,7,dolu
2,10,8,boş
2,10,9,dolu
2,10,10,boş
3,1,1,boş
3,1,2,dolu
3,1,3,boş
3,1,4,boş
3,1,5,boş
3,1,6,dolu
3,1,7,boş
3,1,8,boş
3,1,9,dolu
3,1,10,boş
3,2,1,boş
3,2,2,dolu
3,2,3,dolu
3,2,4,dolu
3,2,5,boş
3,2,6,boş
3,2,7,boş
3,2,8,dolu
3,2,9,dolu
3,2,10,boş
3,3,1,boş
3,3,2,boş
3,3,3,boş
3,3,4,dolu
3,3,5,dolu
3,3,6,boş
3,3,7,dolu
3,3,8,dolu
3,3,9,dolu
3,3,10,boş
3,4,1,dolu
3,4,2,dolu
3,4,3,boş
3,4,4,boş
3,4,5,dolu
3,4,6,boş
3,4,7,dolu
3,4,8,boş
3,4,9,boş
3,4,10,boş
3,5,1,boş
3,5,2,boş
3,5,3,dolu
3,5,4,boş
3,5,5,boş
3,5,6,dolu
3,5,7,boş
3,5,8,boş
3,5,9,boş
3,5,10,dolu
3,6,1,boş
3,6,2,boş
3,6,3,dolu
3,6,4,dolu
3,6,5,dolu
3,6,6,dolu
3,6,7,boş
3,6,8,dolu
3,6,9,boş
3,6,10,boş
3,7,1,dolu
3,7,2,boş
3,7,3,boş
3,7,4,boş
3,7,5,dolu
3,7,6,dolu
3,7,7,dolu
3,7,8,boş
3,7,9,boş
3,7,10,dolu
3,8,1,boş
3,8,2,dolu
3,8,3,boş
3,8,4,boş
3,8,5,dolu
3,8,6,dolu
3,8,7,dolu
3,8,8,boş
3,8,9,boş
3,8,10,boş
3,9,1,boş
3,9,2,dolu
3,9,3,boş
3,9,4,boş
3,9,5,boş
3,9,6,boş
3,9,7,dolu
3,9,8,boş
3,9,9,boş
3,9,10,boş
3,10,1,boş
3,10,2,boş
3,10,3,dolu
3,10,4,dolu
3,10,5,boş
3,10,6,dolu
3,10,7,dolu
3,10,8,boş
3,10,9,boş
3,10,10,dolu
4,1,1,dolu
4,1,2,boş
4,1,3,boş
4,1,4,dolu
4,1,5,dolu
4,1,6,boş
4,1,7,boş
4,1,8,boş
4,1,9,dolu
4,1,10,boş
4,2,1,boş
4,2,2,boş
4,2,3,dolu
4,2,4,boş
4,2,5,dolu
4,2,6,dolu
4,2,7,boş
4,2,8,boş
4,2,9,boş
4,2,10,dolu
4,3,1,boş
4,3,2,boş
4,3,3,dolu
4,3,4,boş
4,3,5,dolu
4,3,6,boş
4,3,7,boş
4,3,8,boş
4,3,9,dolu
4,3,10,boş
4,4,1,boş
4,4,2,boş
4,4,3,dolu
4,4,4,boş
4,4,5,boş
4,4,6,boş
4,4,7,boş
4,4,8,boş
4,4,9,boş
4,4,10,dolu
4,5,1,boş
4,5,2,boş
4,5,3,boş
4,5,4,boş
4,5,5,dolu
4,5,6,boş
4,5,7,boş
4,5,8,dolu
4,5,9,boş
4,5,10,boş
4,6,1,dolu
4,6,2,boş
4,6,3,boş
4,6,4,dolu
4,6,5,dolu
4,6,6,boş
4,6,7,boş
4,6,8,dolu
4,6,9,boş
4,6,10,dolu
4,7,1,boş
4,7,2,boş
4,7,3,boş
4,7,4,boş
4,7,5,dolu
4,7,6,boş
4,7,7,dolu
4,7,8,dolu
4,7,9,boş
4,7,10,dolu
4,8,1,boş
4,8,2,boş
4,8,3,boş
4,8,4,boş
4,8,5,boş
4,8,6,boş
4,8,7,dolu
4,8,8,boş
4,8,9,boş
4,8,10,boş
4,9,1,boş
4,9,2,boş
4,9,3,dolu
4,9,4,dolu
4,9,5,dolu
4,9,6,boş
4,9,7,boş
4,9,8,dolu
4,9,9,dolu
4,9,10,boş
4,10,1,boş
4,10,2,boş
4,10,3,dolu
4,10,4,dolu
4,10,5,dolu
4,10,6,boş
4,10,7,dolu
4,10,8,dolu
4,10,9,dolu
4,10,10,boş
5,1,1,dolu
5,1,2,boş
5,1,3,boş
5,1,4,boş
5,1,5,dolu
5,1,6,boş
5,1,7,boş
5,1,8,boş
5,1,9,boş
5,1,10,boş
5,2,1,boş
5,2,2,dolu
5,2,3,boş
5,2,4,dolu
5,2,5,boş
5,2,6,boş
5,2,7,boş
5,2,8,boş
5,2,9,dolu
5,2,10,boş
5,3,1,boş
5,3,2,dolu
5,3,3,dolu
5,3,4,boş
5,3,5,boş
5,3,6,dolu
5,3,7,boş
5,3,8,boş
5,3,9,boş
5,3,10,boş
5,4,1,boş
5,4,2,dolu
5,4,3,dolu
5,4,4,dolu
5,4,5,boş
5,4,6,boş
5,4,7,dolu
5,4,8,boş
5,4,9,boş
5,4,10,dolu
5,5,1,dolu
5,5,2,boş
5,5,3,dolu
5,5,4,boş
5,5,5,dolu
5,5,6,dolu
5,5,7,boş
5,5,8,dolu
5,5,9,dolu
5,5,10,dolu
5,6,1,boş
5,6,2,boş
5,6,3,boş
5,6,4,boş
5,6,5,boş
5,6,6,boş
5,6,7,dolu
5,6,8,boş
5,6,9,boş
5,6,10,boş
5,7,1,boş
5,7,2,boş
5,7,3,dolu
5,7,4,dolu
5,7,5,boş
5,7,6,boş
5,7,7,boş
5,7,8,boş
5,7,9,boş
5,7,10,boş
5,8,1,boş
5,8,2,boş
5,8,3,dolu
5,8,4,dolu
5,8,5,boş
5,8,6,boş
5,8,7,dolu
5,8,8,boş
5,8,9,boş
5,8,10,dolu
5,9,1,boş
5,9,2,dolu
5,9,3,dolu
5,9,4,dolu
5,9,5,dolu
5,9,6,boş
5,9,7,dolu
5,9,8,boş
5,9,9,dolu
5,9,10,boş
5,10,1,boş
5,10,2,dolu
5,10,3,boş
5,10,4,boş
5,10,5,boş
5,10,6,boş
5,10,7,dolu
5,10,8,boş
5,10,9,dolu
5,10,10,boş
6,1,1,dolu
6,1,2,boş
6,1,3,boş
6,1,4,boş
6,1,5,boş
6,1,6,boş
6,1,7,boş
6,1,8,boş
6,1,9,boş
6,1,10,dolu
6,2,1,boş
6,2,2,dolu
6,2,3,dolu
6,2,4,boş
6,2,5,dolu
6,2,6,boş
6,2,7,boş
6,2,8,boş
6,2,9,boş
6,2,10,dolu
6,3,1,dolu
6,3,2,boş
6,3,3,boş
6,3,4,dolu
6,3,5,boş
6,3,6,boş
6,3,7,boş
6,3,8,boş
6,3,9,boş
6,3,10,dolu
6,4,1,dolu
6,4,2,boş
6,4,3,boş
6,4,4,dolu
6,4,5,boş
6,4,6,dolu
6,4,7,dolu
6,4,8,boş
6,4,9,boş
6,4,10,boş
6,5,1,boş
6,5,2,dolu
6,5,3,boş
6,5,4,boş
6,5,5,boş
6,5,6,boş
6,5,7,boş
6,5,8,dolu
6,5,9,boş
6,5,10,dolu
6,6,1,dolu
6,6,2,boş
6,6,3,boş
6,6,4,boş
6,6,5,boş
6,6,6,boş
6,6,7,dolu
6,6,8,boş
6,6,9,boş
6,6,10,boş
6,7,1,boş
6,7,2,dolu
6,7,3,boş
6,7,4,dolu
6,7,5,dolu
6,7,6,boş
6,7,7,boş
6,7,8,dolu
6,7,9,boş
6,7,10,boş
6,8,1,boş
6,8,2,dolu
6,8,3,dolu
6,8,4,dolu
6,8,5,boş
6,8,6,boş
6,8,7,boş
6,8,8,boş
6,8,9,boş
6,8,10,boş
6,9,1,boş
6,9,2,dolu
6,9,3,dolu
6,9,4,boş
6,9,5,boş
6,9,6,dolu
6,9,7,boş
6,9,8,boş
6,9,9,boş
6,9,10,dolu
6,10,1,boş
6,10,2,boş
6,10,3,boş
6,10,4,dolu
6,10,5,boş
6,10,6,boş
6,10,7,boş
6,10,8,dolu
6,10,9,dolu
6,10,10,dolu
7,1,1,boş
7,1,2,dolu
7,1,3,boş
7,1,4,boş
7,1,5,boş
7,1,6,dolu
7,1,7,dolu
7,1,8,boş
7,1,9,boş
7,1,10,boş
7,2,1,dolu
7,2,2,boş
7,2,3,boş
7,2,4,dolu
7,2,5,boş
7,2,6,boş
7,2,7,boş
7,2,8,boş
7,2,9,dolu
7,2,10,dolu
7,3,1,boş
7,3,2,boş
7,3,3,boş
7,3,4,boş
7,3,5,dolu
7,3,6,dolu
7,3,7,boş
7,3,8,boş
7,3,9,boş
7,3,10,boş
7,4,1,boş
7,4,2,dolu
7,4,3,boş
7,4,4,dolu
7,4,5,boş
7,4,6,boş
7,4,7,boş
7,4,8,dolu
7,4,9,boş
7,4,10,boş
7,5,1,boş
7,5,2,dolu
7,5,3,dolu
7,5,4,boş
7,5,5,boş
7,5,6,boş
7,5,7,dolu
7,5,8,dolu
7,5,9,dolu
7,5,10,boş
7,6,1,dolu
7,6,2,boş
7,6,3,boş
7,6,4,boş
7,6,5,dolu
7,6,6,dolu
7,6,7,dolu
7,6,8,boş
7,6,9,dolu
7,6,10,boş
7,7,1,dolu
7,7,2,dolu
7,7,3,boş
7,7,4,dolu
7,7,5,boş
7,7,6,dolu
7,7,7,dolu
7,7,8,dolu
7,7,9,dolu
7,7,10,boş
7,8,1,boş
7,8,2,boş
7,8,3,boş
7,8,4,boş
7,8,5,boş
7,8,6,boş
7,8,7,dolu
7,8,8,boş
7,8,9,boş
7,8,10,boş
7,9,1,boş
7,9,2,boş
7,9,3,boş
7,9,4,boş
7,9,5,boş
7,9,6,boş
7,9,7,boş
7,9,8,boş
7,9,9,boş
7,9,10,boş
7,10,1,boş
7,10,2,boş
7,10,3,boş
7,10,4,boş
7,10,5,boş
7,10,6,boş
7,10,7,boş
7,10,8,boş
7,10,9,boş
7,10,10,boş
8,1,1,dolu
8,1,2,boş
8,1,3,dolu
8,1,4,boş
8,1,5,dolu
8,1,6,boş
8,1,7,boş
8,1,8,dolu
8,1,9,dolu
8,1,10,boş
8,2,1,boş
8,2,2,dolu
8,2,3,boş
8,2,4,dolu
8,2,5,boş
8,2,6,boş
8,2,7,boş
8,2,8,boş
8,2,9,boş
8,2,10,dolu
8,3,1,boş
8,3,2,boş
8,3,3,boş
8,3,4,boş
8,3,5,boş
8,3,6,boş
8,3,7,boş
8,3,8,dolu
8,3,9,dolu
8,3,10,boş
8,4,1,dolu
8,4,2,boş
8,4,3,dolu
8,4,4,boş
8,4,5,boş
8,4,6,dolu
8,4,7,boş
8,4,8,dolu
8,4,9,boş
8,4,10,boş
8,5,1,boş
8,5,2,boş
8,5,3,boş
8,5,4,dolu
8,5,5,boş
8,5,6,dolu
8,5,7,boş
8,5,8,dolu
8,5,9,dolu
8,5,10,boş
8,6,1,boş
8,6,2,boş
8,6,3,boş
8,6,4,boş
8,6,5,boş
8,6,6,dolu
8,6,7,boş
8,6,8,boş
8,6,9,dolu
8,6,10,dolu
8,7,1,boş
8,7,2,boş
8,7,3,boş
8,7,4,boş
8,7,5,boş
8,7,6,boş
8,7,7,boş
8,7,8,boş
8,7,9,boş
8,7,10,boş
8,8,1,boş
8,8,2,boş
8,8,3,boş
8,8,4,boş
8,8,5,boş
8,8,6,boş
8,8,7,dolu
8,8,8,boş
8,8,9,dolu
8,8,10,dolu
8,9,1,boş
8,9,2,boş
8,9,3,boş
8,9,4,boş
8,9,5,boş
8,9,6,dolu
8,9,7,dolu
8,9,8,dolu
8,9,9,boş
8,9,10,boş
8,10,1,dolu
8,10,2,boş
8,10,3,boş
8,10,4,dolu
8,10,5,boş
8,10,6,boş
8,10,7,dolu
8,10,8,boş
8,10,9,boş
8,10,10,boş
9,1,1,boş
9,1,2,boş
9,1,3,dolu
9,1,4,dolu
9,1,5,boş
9,1,6,dolu
9,1,7,boş
9,1,8,boş
9,1,9,boş
9,1,10,dolu
9,2,1,boş
9,2,2,boş
9,2,3,boş
9,2,4,dolu
9,2,5,boş
9,2,6,boş
9,2,7,boş
9,2,8,boş
9,2,9,dolu
9,2,10,boş
9,3,1,boş
9,3,2,dolu
9,3,3,dolu
9,3,4,boş
9,3,5,boş
9,3,6,dolu
9,3,7,dolu
9,3,8,boş
9,3,9,boş
9,3,10,boş
9,4,1,dolu
9,4,2,boş
9,4,3,boş
9,4,4,dolu
9,4,5,boş
9,4,6,boş
9,4,7,boş
9,4,8,dolu
9,4,9,dolu
9,4,10,dolu
9,5,1,boş
9,5,2,boş
9,5,3,dolu
9,5,4,boş
9,5,5,dolu
9,5,6,dolu
9,5,7,dolu
9,5,8,dolu
9,5,9,boş
9,5,10,boş
9,6,1,dolu
9,6,2,boş
9,6,3,boş
9,6,4,boş
9,6,5,boş
9,6,6,dolu
9,6,7,boş
9,6,8,boş
9,6,9,dolu
9,6,10,dolu
9,7,1,boş
9,7,2,boş
9,7,3,dolu
9,7,4,boş
9,7,5,boş
9,7,6,boş
9,7,7,boş
9,7,8,boş
9,7,9,boş
9,7,10,boş
9,8,1,boş
9,8,2,boş
9,8,3,dolu
9,8,4,boş
9,8,5,dolu
9,8,6,boş
9,8,7,boş
9,8,8,boş
9,8,9,boş
9,8,10,boş
9,9,1,dolu
9,9,2,boş
9,9,3,boş
9,9,4,dolu
9,9,5,boş
9,9,6,boş
9,9,7,boş
9,9,8,boş
9,9,9,boş
9,9,10,boş
9,10,1,boş
9,10,2,dolu
9,10,3,dolu
9,10,4,boş
9,10,5,boş
9,10,6,boş
9,10,7,boş
9,10,8,boş
9,10,9,boş
9,10,10,dolu
10,1,1,dolu
10,1,2,dolu
10,1,3,boş
10,1,4,boş
10,1,5,boş
10,1,6,boş
10,1,7,dolu
10,1,8,boş
10,1,9,dolu
10,1,10,boş
10,2,1,boş
10,2,2,dolu
10,2,3,boş
10,2,4,dolu
10,2,5,boş
10,2,6,boş
10,2,7,boş
10,2,8,dolu
10,2,9,boş
10,2,10,boş
10,3,1,boş
10,3,2,boş
10,3,3,boş
10,3,4,dolu
10,3,5,boş
10,3,6,boş
10,3,7,dolu
10,3,8,boş
10,3,9,boş
10,3,10,boş
10,4,1,boş
10,4,2,dolu
10,4,3,boş
10,4,4,boş
10,4,5,boş
10,4,6,boş
10,4,7,boş
10,4,8,boş
10,4,9,boş
10,4,10,boş
10,5,1,boş
10,5,2,boş
10,5,3,boş
10,5,4,boş
10,5,5,dolu
10,5,6,boş
10,5,7,boş
10,5,8,dolu
10,5,9,boş
10,5,10,dolu
10,6,1,boş
10,6,2,boş
10,6,3,dolu
10,6,4,boş
10,6,5,dolu
10,6,6,boş
10,6,7,boş
10,6,8,dolu
10,6,9,boş
10,6,10,boş
10,7,1,boş
10,7,2,dolu
10,7,3,boş
10,7,4,boş
10,7,5,boş
10,7,6,dolu
10,7,7,boş
10,7,8,boş
10,7,9,boş
10,7,10,boş
10,8,1,boş
10,8,2,dolu
10,8,3,dolu
10,8,4,boş
10,8,5,boş
10,8,6,boş
10,8,7,boş
10,8,8,dolu
10,8,9,boş
10,8,10,boş
10,9,1,boş
10,9,2,dolu
10,9,3,boş
10,9,4,boş
10,9,5,boş
10,9,6,boş
10,9,7,dolu
10,9,8,dolu
10,9,9,boş
10,9,10,boş
10,10,1,boş
10,10,2,boş
10,10,3,boş
10,10,4,boş
10,10,5,dolu
10,10,6,boş
10,10,7,boş
10,10,8,boş
10,10,9,dolu
10,10,10,boş